1779,275,2357,275,2357,352,1779,352,AEON CO. (M) BHD
2392,270,2735,270,2735,356,2392,356,(126926-H)
1749,371,2771,371,2771,450,1749,450,3RD FLR, AEON TAMAN MALURI SC
1821,477,2673,477,2673,547,1821,547,JLN JEJAKA, TAMAN MALURI
1784,571,2709,571,2709,650,1784,650,CHERAS, 55100 KUALA LUMPUR
1884,671,2673,671,2673,748,1884,748,GST ID : 002017394688
2028,767,2527,767,2527,842,2028,842,SHOPPING HOURS
1784,866,2740,866,2740,941,1784,941,SUN-THU:1000 HRS - 2230 HRS
1782,964,2740,964,2740,1043,1782,1043,FRI-SAT:1000 HRS - 2300 HRS
1578,1160,1650,1160,1650,1242,1578,1242,1X
1578,1363,1650,1363,1650,1448,1578,1448,1X
1578,1658,1650,1658,1650,1745,1578,1745,1X
1571,1866,1646,1866,1646,1938,1571,1938,1X
1571,2052,1643,2052,1643,2139,1571,2139,1X
1568,2255,1645,2255,1645,2330,1568,2330,1X
1573,2547,1641,2547,1641,2624,1573,2624,1X
1568,2745,1640,2745,1640,2825,1568,2825,1X
1568,2943,1640,2943,1640,3025,1568,3025,1X
1561,3141,1638,3141,1638,3221,1561,3221,1X
1566,3340,1638,3340,1638,3417,1566,3417,1X
1566,3533,1634,3533,1634,3610,1566,3610,1X
1559,3731,1631,3731,1631,3813,1559,3813,1X
1561,3929,1636,3929,1636,4014,1561,4014,1X
1556,4125,1628,4125,1628,4202,1556,4202,1X
1675,1160,2110,1160,2110,1240,1675,1240,000000135412
1672,1363,2100,1363,2100,1440,1672,1440,000001038556
1677,1658,2100,1658,2100,1728,1677,1728,000007670558
1672,1861,2107,1861,2107,1931,1672,1931,000008294692
1667,2049,2092,2049,2092,2131,1667,2131,000007773877
1672,2250,2097,2250,2097,2325,1672,2325,000008626349
1665,2549,2095,2549,2095,2621,1665,2621,000002003191
1667,2748,2102,2748,2102,2825,1667,2825,000004291008
1665,2943,2100,2943,2100,3020,1665,3020,000005073689
1665,3141,2090,3141,2090,3213,1665,3213,000000388658
1660,3342,2095,3342,2095,3412,1660,3412,000000389273
1660,3535,2088,3535,2088,3607,1660,3607,000000381000
1660,3736,2080,3736,2080,3806,1660,3806,000000812627
1655,3927,2083,3927,2083,4007,1655,4007,000000380980
1650,4127,2078,4127,2078,4207,1650,4207,000007857430
1672,1264,2143,1264,2143,1339,1672,1339,SUSHI SET-PTC
1675,1460,2141,1460,2141,1540,1675,1540,CHEK HUP 2IN1
1672,1556,2276,1556,2276,1638,1672,1638,ITEM PROMO @12.99
1672,1750,2163,1750,2163,1827,1672,1827,LUCOZADE SPORT
1665,1948,2165,1948,2165,2023,1665,2023,JAPAN SUN FUJI
1670,2156,2173,2156,2173,2228,1670,2228,CHILE ANGELENO
1667,2349,2158,2349,2158,2429,1667,2429,AUS SEEKA KIWI
1665,2448,2243,2448,2243,2520,1665,2520,ITEM PROMO @9.49
1663,2651,1996,2651,1996,2726,1663,2726,BLUEBERRY
1663,2842,2202,2842,2202,2922,1663,2922,T. CHERRY HONEY
1665,3035,2066,3035,2066,3120,1665,3120,TOMATO PLUM
1658,3241,2199,3241,2199,3323,1658,3323,CUT FRUITS 1.99
1660,3444,2020,3444,2020,3516,1660,3516,GUAVA KING
1660,3630,2206,3630,2206,3712,1660,3712,CAVANDISH BANAN
1658,3830,2083,3830,2083,3907,1658,3907,US RED GLOBE
1653,4028,1875,4028,1875,4103,1653,4103,PAPAYA
1658,4224,2192,4224,2192,4309,1658,4309,E-1150 POWERFUL
2627,1155,2878,1155,2878,1235,2627,1235,15.00SR
2632,1353,2874,1353,2874,1440,2632,1440,15.56SR
2624,1556,2800,1556,2800,1633,2624,1633,-2.57
2627,1653,2871,1653,2871,1740,2627,1740,12.73SR
2615,1856,2876,1856,2876,1943,2615,1943,22.50SR
2651,2047,2876,2047,2876,2139,2651,2139,7.90SR
2619,2240,2870,2240,2870,2329,2619,2329,10.90SR
2607,2448,2800,2448,2800,2525,2607,2525,-1.41
2641,2540,2873,2540,2873,2629,2641,2629,8.00SR
2646,2735,2873,2735,2873,2827,2646,2827,4.80SR
2641,2936,2871,2936,2871,3016,2641,3016,5.40SR
2639,3139,2866,3139,2866,3226,2639,3226,2.50SR
2632,3335,2866,3335,2866,3417,2632,3417,9.14SR
2636,3523,2861,3523,2861,3617,2636,3617,5.18SR
2612,3731,2866,3731,2866,3808,2612,3808,14.85SR
2629,3922,2863,3922,2863,4009,2629,4009,5.75SR
2600,4125,2856,4125,2856,4202,2600,4202,11.22SR
1421,5997,2845,5997,2845,6085,1421,6085,AEON STAMPS LOYALTY PROGRAM "PRODUCT(S)"
1561,6102,2739,6102,2739,6181,1561,6181,SOLD ARE NEITHER EXCHANGEABLE NOR
1942,6199,2322,6199,2322,6281,1942,6281,REFUNDABLE
1807,6392,2383,6392,2383,6468,1807,6468,AEON PERMAS JAYA
1731,6488,2585,6488,2585,6570,1731,6570,TEL 1-300-80-AEON (2366)
1661,6579,2658,6579,2658,6667,1661,6667,THANK YOU FOR YOUR PATRONAGE
1795,6684,2409,6684,2409,6769,1795,6769,PLEASE COME AGAIN
1442,4415,1761,4415,1761,4500,1442,4500,SUB-TOTAL
1447,4515,2146,4515,2146,4597,1447,4597,TOTAL SALES INCL GST
1439,4614,2290,4614,2290,4693,1439,4693,TOTAL AFTER ADJ INCL GST
1436,4713,1594,4713,1594,4792,1436,4792,CASH
1442,4807,1898,4807,1898,4895,1442,4895,ITEM COUNT 15
2064,4813,2424,4813,2424,4892,2064,4892,CHANGE AMT
2640,4421,2856,4421,2856,4500,2640,4500,147.45
2640,4515,2856,4515,2856,4600,2640,4600,147.45
2635,4617,2848,4617,2848,4690,2635,4690,147.45
2637,4713,2848,4713,2848,4789,2637,4789,200.00
2667,4816,2851,4816,2851,4889,2667,4889,52.55
1576,4912,2672,4912,2672,4991,1576,4991,INVOICE NO: 2018060310100050084
1433,5009,1831,5009,1831,5100,1433,5100,GST SUMMARY
1433,5120,1690,5120,1690,5196,1433,5196,SR @ 0%
1430,5211,1614,5211,1614,5293,1430,5293,TOTAL
2126,5012,2357,5012,2357,5091,2126,5091,AMOUNT
2137,5111,2350,5111,2350,5196,2137,5196,147.45
2137,5213,2348,5213,2348,5286,2137,5286,147.45
2740,5015,2848,5015,2848,5088,2740,5088,TAX
2699,5120,2842,5120,2842,5193,2699,5193,0.00
2690,5216,2845,5216,2845,5289,2690,5289,0.00
1433,5307,2003,5307,2003,5392,1433,5392,03/06/2018 12:42
2281,5310,2848,5310,2848,5389,2281,5389,1010 005 0050084
1433,5406,2073,5406,2073,5488,1433,5488,0306651 PJ NUR AYU
1778,5599,2407,5599,2407,5684,1778,5684,REGULAR STAMP(S) :
2515,5602,2562,5602,2562,5678,2515,5678,4
1775,5699,2266,5699,2266,5784,1775,5784,BONUS STAMP (S)
2383,5719,2412,5719,2412,5780,2383,5780,:
2512,5705,2562,5705,2562,5781,2512,5781,0
1778,5795,2278,5795,2278,5886,1778,5886,TOTAL STAMP(S)
2377,5813,2412,5813,2412,5883,2377,5883,:
2509,5804,2562,5804,2562,5883,2509,5883,4
